<?xml version="1.0" standalone="no"?>
<!DOCTYPE svg PUBLIC "-//W3C//DTD SVG 20010904//EN"
 "http://www.w3.org/TR/2001/REC-SVG-20010904/DTD/svg10.dtd">
<svg version="1.0" xmlns="http://www.w3.org/2000/svg"
 width="1080.000000pt" height="1080.000000pt" viewBox="0 0 1080.000000 1080.000000"
 preserveAspectRatio="xMidYMid meet">
<metadata>
Created by potrace 1.16, written by Peter Selinger 2001-2019
</metadata>
<g transform="translate(0.000000,1080.000000) scale(0.100000,-0.100000)"
fill="#ffffff" stroke="none">
<path d="M1 8258 l2 -2543 8 110 c83 1050 476 2063 1122 2893 274 352 608 684
972 967 809 629 1831 1022 2870 1104 l110 8 -2542 2 -2543 1 1 -2542z M5825
10789 c1050 -83 2063 -476 2893 -1122 352 -274 684 -608 967 -972 629 -809
1022 -1831 1104 -2870 l8 -110 2 2543 1 2542 -2542 -1 -2543 -2 110 -8z M5075
10723 c-512 -40 -897 -113 -1315 -248 -149 -48 -371 -132 -495 -187 -98 -43
-398 -193 -473 -237 -35 -20 -83 -47 -105 -60 -145 -82 -482 -318 -662 -463
-276 -222 -612 -569 -855 -883 -87 -113 -306 -436 -363 -535 -108 -188 -247
-460 -285 -556 -11 -27 -43 -105 -72 -174 -148 -356 -277 -843 -330 -1240 -5
-41 -14 -112 -20 -158 -28 -210 -37 -630 -20 -927 29 -530 157 -1103 360
-1620 17 -44 36 -93 42 -109 6 -16 26 -60 44 -98 19 -37 34 -71 34 -73 0 -12
131 -268 183 -358 32 -54 57 -100 57 -102 0 -14 239 -375 310 -467 44 -58 42
-55 84 -113 38 -52 241 -292 275 -326 14 -14 67 -68 117 -120 114 -118 282
-275 399 -370 49 -41 97 -81 106 -89 82 -75 474 -339 665 -447 528 -300 1136
-524 1659 -612 39 -7 90 -16 115 -21 55 -12 260 -38 395 -51 55 -5 228 -12
385 -15 l285 -6 200 16 c625 50 1083 159 1680 400 171 69 534 255 700 359 77
48 149 93 160 100 22 13 291 203 309 218 6 5 49 39 95 77 346 278 635 573 904
922 202 262 421 613 541 865 19 39 54 114 80 167 138 290 289 745 351 1053 8
39 21 102 30 140 21 99 63 388 76 530 6 66 13 248 16 404 l5 283 -12 165 c-11
158 -29 320 -50 448 -5 33 -14 92 -20 130 -41 270 -169 721 -287 1012 -30 76
-64 160 -75 188 -11 27 -26 61 -33 75 -7 14 -52 104 -100 200 -48 96 -121 231
-163 300 -73 122 -240 380 -252 390 -3 3 -39 50 -80 105 -60 81 -198 253 -220
275 -3 3 -35 38 -70 79 -241 277 -639 625 -950 834 -47 31 -89 60 -95 65 -19
15 -221 139 -302 185 -104 60 -394 204 -493 246 -41 18 -100 43 -130 56 -451
192 -1077 336 -1625 375 -127 9 -611 11 -710 3z m-250 -2849 l21 -5 38 -117
c21 -64 44 -130 51 -147 7 -16 25 -68 39 -115 15 -47 31 -98 37 -115 5 -16 77
-232 159 -480 83 -247 166 -497 186 -555 20 -58 40 -118 44 -135 8 -27 63
-191 91 -270 6 -16 23 -69 39 -117 16 -48 33 -95 38 -104 l9 -16 22 74 c13 40
32 99 42 130 11 32 19 64 19 73 0 8 4 23 9 33 5 9 21 61 36 115 14 53 33 109
41 125 7 15 14 34 14 43 0 9 11 50 25 92 23 73 104 341 135 452 4 17 13 44 19
60 6 17 22 71 37 120 14 50 37 126 51 170 13 44 31 105 40 135 8 30 21 73 28
95 7 22 21 67 30 100 9 33 21 69 25 80 4 11 20 61 35 110 15 50 32 105 38 123
l11 32 532 0 533 0 23 -32 c25 -35 105 -178 169 -303 40 -79 56 -110 133 -250
21 -38 58 -106 81 -150 23 -44 58 -109 77 -145 36 -65 86 -159 173 -325 26
-49 55 -101 63 -115 19 -28 40 -68 139 -261 39 -74 82 -154 97 -178 15 -23 31
-52 36 -64 6 -12 15 -31 22 -42 20 -35 27 -49 69 -130 37 -70 196 -367 233
-435 8 -14 29 -54 47 -90 17 -36 38 -72 44 -80 7 -8 42 -71 78 -140 35 -69 90
-172 122 -230 32 -58 71 -132 88 -165 17 -33 60 -114 97 -180 37 -66 94 -172
127 -235 34 -63 73 -137 87 -164 14 -27 26 -55 26 -62 l0 -14 -549 0 -549 0
-9 13 c-6 6 -23 37 -38 67 -16 30 -32 62 -36 70 -63 121 -102 197 -160 305
-38 72 -79 149 -90 173 l-21 42 -729 0 -728 0 -6 -11 c-4 -6 -13 -34 -20 -62
-7 -29 -34 -122 -59 -207 -26 -85 -55 -186 -66 -225 -10 -38 -25 -90 -32 -115
l-14 -45 -531 -3 -530 -2 -10 12 c-6 7 -20 40 -32 73 -95 257 -308 861 -321
910 -5 17 -32 93 -60 170 -28 77 -68 192 -90 255 -21 63 -53 153 -70 200 -18
47 -34 97 -37 113 -3 15 -9 30 -14 33 -5 3 -9 13 -9 22 0 9 -7 30 -15 46 -9
16 -20 46 -25 65 -12 48 -57 177 -77 223 l-16 38 -14 -11 c-7 -6 -13 -20 -13
-31 0 -10 -7 -35 -16 -56 -9 -20 -20 -50 -24 -67 -5 -16 -20 -61 -34 -100 -15
-38 -42 -117 -61 -175 -19 -58 -38 -112 -41 -120 -4 -8 -40 -112 -81 -230 -41
-118 -106 -305 -145 -415 -38 -110 -76 -220 -84 -245 -8 -25 -18 -54 -22 -65
-10 -23 -11 -26 -107 -305 -41 -118 -83 -240 -94 -270 l-19 -55 -456 -3 -455
-2 -6 22 c-3 13 -10 32 -15 43 -5 11 -38 110 -74 220 -99 304 -106 326 -126
380 -11 28 -202 604 -426 1280 -223 677 -410 1239 -414 1250 -11 28 -38 109
-60 180 -10 33 -44 136 -75 228 -32 92 -54 171 -50 175 4 4 245 8 536 10 l530
3 14 -11 c8 -6 18 -26 24 -43 5 -18 23 -79 41 -137 17 -58 44 -148 60 -200 16
-52 34 -117 40 -143 6 -26 15 -55 20 -65 9 -16 35 -100 95 -307 65 -223 88
-302 95 -320 8 -22 22 -68 70 -225 17 -58 42 -139 55 -180 12 -41 35 -118 50
-170 16 -52 43 -140 60 -196 18 -55 36 -115 40 -132 10 -49 21 -46 39 11 9 28
50 153 92 277 41 124 83 252 94 285 10 33 34 107 54 165 20 58 49 148 66 200
18 52 35 104 39 115 17 44 43 123 56 170 8 28 18 59 23 70 5 11 20 54 32 95
13 41 27 79 31 84 5 6 9 18 9 28 0 10 4 26 9 36 6 9 36 98 67 197 32 99 63
194 70 210 6 17 18 50 25 75 7 25 21 62 31 83 l18 37 423 0 c232 0 431 -3 442
-6z m3264 -4104 c58 -19 142 -67 155 -89 5 -7 -12 -30 -103 -138 l-18 -21 -69
35 -69 35 -72 -4 -72 -3 -37 -31 c-55 -44 -73 -72 -86 -134 l-11 -55 7 -46 c4
-25 19 -65 33 -87 l27 -41 50 -27 50 -27 55 0 c31 0 73 5 94 12 l37 13 1 19
c1 10 1 30 1 44 0 14 0 29 -1 35 l-1 9 -77 3 -78 3 0 80 0 80 188 3 187 2 0
-189 0 -190 -27 -19 c-126 -89 -319 -126 -459 -88 -120 32 -231 125 -283 236
l-25 55 -4 98 -4 98 22 66 c48 144 148 232 313 278 l52 15 80 -4 80 -4 64 -22z
m-5054 -6 c28 -10 70 -30 95 -44 l45 -27 -1 -19 c0 -11 -22 -49 -49 -86 l-49
-65 -60 30 c-66 33 -167 54 -208 44 -51 -13 -61 -74 -16 -98 12 -7 44 -17 72
-25 180 -45 241 -72 293 -126 40 -42 53 -76 53 -140 0 -72 -18 -123 -61 -172
l-38 -43 -50 -22 c-27 -11 -78 -25 -114 -30 l-64 -9 -74 8 c-41 5 -103 18
-139 29 -69 22 -170 83 -170 104 0 7 12 26 28 43 15 17 41 48 58 69 l30 39 54
-33 c68 -42 89 -50 164 -60 78 -11 113 -5 132 25 l16 23 -6 19 c-8 23 -55 44
-161 72 -93 24 -145 44 -198 79 l-39 25 -24 47 -24 48 0 54 0 54 20 45 20 45
49 46 c28 26 58 47 69 47 10 0 22 4 28 9 16 16 55 20 164 16 l105 -3 50 -18z
m499 10 l16 -6 0 -148 0 -148 23 -4 c20 -4 148 -4 234 0 l32 2 3 153 3 152
108 0 108 0 9 -15 10 -15 -3 -395 -2 -395 -117 -3 -118 -3 0 155 0 154 -127 4
c-71 2 -136 2 -145 0 l-18 -4 0 -154 0 -155 -112 3 -113 3 -3 403 -2 403 22 9
c26 10 168 13 192 4z m894 0 l22 -6 -2 -407 -3 -406 -112 -3 -113 -3 0 410 0
410 23 4 c35 7 160 7 185 1z m617 -7 c111 -22 186 -72 227 -151 l22 -41 0 -90
1 -90 -19 -39 c-57 -115 -190 -174 -393 -176 l-52 0 -3 -112 -3 -113 -104 -3
-104 -3 -9 13 -8 13 1 387 c1 212 4 390 8 396 12 18 37 20 201 21 l165 1 70
-13z m793 -1 l73 -14 47 -29 c57 -35 108 -100 123 -156 l11 -42 -6 -69 c-4
-38 -14 -84 -23 -104 -23 -49 -79 -101 -139 -128 -54 -25 -192 -49 -235 -40
-14 3 -36 2 -48 -1 l-21 -5 0 -114 0 -114 -109 0 -110 0 -5 18 c-8 25 -5 777
2 789 11 18 40 21 207 22 l160 1 73 -14z m571 0 l11 -13 -2 -399 -3 -399 -112
-3 -113 -3 0 409 c0 225 3 412 7 415 3 4 50 7 103 7 l98 0 11 -14z m363 5 c13
-5 59 -53 101 -107 42 -55 113 -145 157 -201 44 -57 85 -103 90 -103 l10 0 0
204 0 204 31 6 c17 3 67 6 110 6 l79 0 0 -415 0 -415 -98 0 -99 0 -56 73
c-165 212 -245 313 -269 341 l-27 31 -1 -222 0 -223 -115 0 -115 0 0 408 c0
225 3 412 7 415 10 10 168 8 195 -2z M6933 6573 c-7 -15 -13 -32 -13 -37 0 -6
-9 -40 -19 -76 -11 -36 -27 -92 -37 -125 -9 -33 -22 -78 -29 -100 -7 -22 -23
-74 -34 -115 -23 -80 -27 -95 -59 -205 -11 -38 -26 -88 -32 -110 -6 -22 -25
-83 -41 -135 -16 -52 -29 -101 -29 -107 l0 -13 420 0 c231 0 420 3 420 8 0 4
-27 58 -60 121 -33 63 -60 119 -60 123 0 5 -18 40 -39 78 -22 38 -42 79 -46
92 -4 13 -11 25 -14 28 -12 9 -61 109 -61 124 0 8 -6 21 -13 28 -7 7 -57 101
-111 208 -54 107 -106 205 -115 217 l-16 23 -12 -27z M4853 3582 l-23 -3 0
-105 0 -104 23 -5 c37 -9 131 2 165 19 37 19 52 43 52 86 0 44 -24 85 -57 98
-31 12 -126 20 -160 14z M5638 3583 l-18 -4 0 -104 0 -104 18 -5 c29 -10 140
2 170 18 49 25 66 91 37 146 l-15 28 -32 10 c-38 12 -135 21 -160 15z M1 2543
l-1 -2543 2543 1 2542 2 -110 8 c-1050 83 -2063 476 -2893 1122 -352 274 -684
608 -967 972 -629 809 -1022 1831 -1104 2870 l-8 110 -2 -2542z M10786 4968
c-15 -253 -68 -578 -142 -875 -293 -1182 -972 -2218 -1949 -2978 -809 -629
-1831 -1022 -2870 -1104 l-110 -8 2543 -2 2542 -1 0 2540 c0 1397 -2 2540 -3
2540 -2 0 -7 -50 -11 -112z"/>
</g>
</svg>